Buffer Size Delay
2 0.000401 0.000420 0.000381 0.000381 0.000368 
4 0.000409 0.000410 0.000375 0.000381 0.000360 
6 0.000409 0.000411 0.000381 0.000385 0.000361 
8 0.000410 0.000411 0.000389 0.000382 0.000360 
16 0.000410 0.000412 0.000391 0.000384 0.000365 
32 0.000412 0.000413 0.000390 0.000396 0.000373 
64 0.000414 0.000415 0.000398 0.000395 0.000374 
128 0.000420 0.000420 0.000421 0.000410 0.000388 
256 0.000431 0.000430 0.000454 0.000439 0.000421 
512 0.000453 0.000449 0.000510 0.000497 0.000486 
