Buffer Size Drop Rate
2 0.013354 0.026297 0.056750 0.076328 0.105158 
4 0.013016 0.026010 0.054881 0.070638 0.111820 
6 0.012980 0.025982 0.054849 0.070608 0.111774 
8 0.012967 0.025965 0.054825 0.070591 0.110525 
16 0.012950 0.025944 0.054769 0.070555 0.110139 
32 0.012921 0.025921 0.054693 0.070497 0.109537 
64 0.012863 0.025874 0.054544 0.070400 0.111424 
128 0.012746 0.025781 0.054239 0.070184 0.109958 
256 0.012513 0.025594 0.053552 0.069708 0.109129 
512 0.012048 0.025222 0.052125 0.068788 0.107677 
