Buffer Size Buffer Utilization
2 0.011968 0.018082 0.026734 0.030757 0.038796 
4 0.016114 0.031530 0.052773 0.058683 0.064481 
6 0.015973 0.030062 0.058111 0.062491 0.068765 
8 0.015891 0.029132 0.059959 0.063993 0.070371 
16 0.015770 0.026171 0.062081 0.065815 0.072676 
32 0.015711 0.020822 0.063044 0.066458 0.073787 
64 0.015677 0.018275 0.063396 0.066747 0.074469 
128 0.015641 0.017031 0.063442 0.066903 0.074532 
256 0.015560 0.016414 0.063082 0.065861 0.074622 
512 0.015374 0.016088 0.062129 0.065465 0.074581 
