Buffer Size Delay
2 0.000292 0.000293 0.000295 0.000296 0.000297 
4 0.000292 0.000293 0.000295 0.000296 0.000297 
6 0.000292 0.000293 0.000295 0.000296 0.000297 
8 0.000292 0.000293 0.000295 0.000296 0.000297 
16 0.000292 0.000293 0.000295 0.000296 0.000297 
32 0.000292 0.000293 0.000295 0.000296 0.000297 
64 0.000292 0.000293 0.000295 0.000296 0.000297 
128 0.000292 0.000293 0.000295 0.000296 0.000297 
256 0.000292 0.000293 0.000295 0.000296 0.000297 
512 0.000292 0.000293 0.000295 0.000296 0.000297 
