Buffer Size Drop Rate
2 0.000000 0.000000 0.000023 0.000018 0.000014 
4 0.000000 0.000000 0.000000 0.000000 0.000000 
6 0.000000 0.000000 0.000000 0.000000 0.000000 
8 0.000000 0.000000 0.000000 0.000000 0.000000 
16 0.000000 0.000000 0.000000 0.000000 0.000000 
32 0.000000 0.000000 0.000000 0.000000 0.000000 
64 0.000000 0.000000 0.000000 0.000000 0.000000 
128 0.000000 0.000000 0.000000 0.000000 0.000000 
256 0.000000 0.000000 0.000000 0.000000 0.000000 
512 0.000000 0.000000 0.000000 0.000000 0.000000 
