Buffer Size Buffer Utilization
2 0.000275 0.000274 0.000274 0.000274 0.000278 
4 0.000092 0.000091 0.000092 0.000092 0.000097 
6 0.000055 0.000055 0.000055 0.000055 0.000058 
8 0.000039 0.000039 0.000039 0.000039 0.000042 
16 0.000018 0.000018 0.000018 0.000018 0.000019 
32 0.000009 0.000009 0.000009 0.000009 0.000009 
64 0.000004 0.000004 0.000004 0.000004 0.000005 
128 0.000002 0.000002 0.000002 0.000002 0.000002 
256 0.000001 0.000001 0.000001 0.000001 0.000001 
512 0.000001 0.000001 0.000001 0.000001 0.000001 
