Buffer Size Drop Rate
2 0.017217 0.025981 0.057995 0.080299 0.118701 
4 0.012987 0.025978 0.055731 0.080087 0.118836 
6 0.012983 0.025975 0.055718 0.080078 0.118972 
8 0.012979 0.025972 0.055706 0.080068 0.119006 
16 0.012965 0.025961 0.055657 0.080030 0.118413 
32 0.012936 0.025937 0.055560 0.079953 0.118592 
64 0.012877 0.025891 0.055366 0.079800 0.118530 
128 0.012761 0.025798 0.054977 0.079493 0.118392 
256 0.012528 0.025611 0.054200 0.078882 0.117200 
512 0.012061 0.025238 0.052677 0.077661 0.116158 
