Buffer Size Buffer Utilization
2 0.183004 0.208721 0.306352 0.319264 0.401556 
4 0.177291 0.156121 0.504522 0.511109 0.579474 
6 0.171883 0.145601 0.547694 0.543757 0.609076 
8 0.169562 0.141092 0.556910 0.561727 0.622811 
16 0.166453 0.135081 0.583368 0.582050 0.640918 
32 0.165018 0.132366 0.592028 0.591376 0.652624 
64 0.164272 0.131073 0.595724 0.596108 0.658214 
128 0.163703 0.130442 0.596527 0.598832 0.660367 
256 0.162763 0.130107 0.594450 0.600127 0.661601 
512 0.160779 0.129781 0.581959 0.600172 0.662410 
