Buffer Size Delay
2 0.000392 0.000413 0.000392 0.000383 0.000368 
4 0.000400 0.000413 0.000384 0.000387 0.000374 
6 0.000400 0.000413 0.000394 0.000382 0.000367 
8 0.000400 0.000414 0.000394 0.000383 0.000366 
16 0.000401 0.000414 0.000397 0.000390 0.000376 
32 0.000402 0.000415 0.000389 0.000394 0.000379 
64 0.000405 0.000418 0.000409 0.000402 0.000389 
128 0.000411 0.000423 0.000429 0.000418 0.000396 
256 0.000423 0.000433 0.000466 0.000450 0.000436 
512 0.000445 0.000452 0.000528 0.000513 0.000499 
